3919 2928
3842 3497
3627 2734
3638 2824
3623 3330
3890 2768
3639 2865
3626 3070
3962 2901
3885 2892
3504 2539
3712 2999
3518 3052
3871 2897
3615 3035
3534 2697
3711 3106
3822 3367
3967 2693
3784 3263
3690 3248
3555 2934
3913 2686
3841 3471
3914 2860
3741 2975
3708 2830
3952 3247
3861 3028
3547 2736
3544 3238
3743 2954
3648 3092
3946 3100
3807 3163
7198 3600
3725 3086
3609 3309
3652 3203
3667 2992
3592 2781
3968 2779
3912 3470
3605 3115
3905 3067
3663 2821
3573 3231
3618 2918
3700 3701
3519 3413
3637 2765
3928 3457
3503 2979
3922 3051
3859 3373
3982 2947
3757 2673
3796 2758
3959 2970
3895 2989
3931 3399
3734 2836
10 10
3601 3033
3540 3185
3718 3176
3604 3198
3852 3228
3791 3460
3715 2702
3816 3233
3849 3039
3556 3021
3781 3122
3909 3189
3650 3290
3749 3083
3673 3396
3717 3130
3700 3700
3797 2888
3900 2555
3966 3026
3935 2966
3702 2567
3531 3147
3506 2695
3875 3360
3595 2683
3664 2712
3651 3061
3728 3186
3933 2504
3974 3249
3578 2894
3686 2706
3786 3500
3593 2571
3672 3074
3750 2751
3588 2587
3647 2725
3710 2596
3584 2919
3695 3000
3939 3481
3884 3134
3671 3439
3746 3059
3969 2924
3677 2998
3565 2502
3646 2545
3795 2612
3856 3112
3574 3127
3685 2822
3863 2664
3878 3140
3513 3166
3774 2631
3679 3391
3976 3432
3824 3195
3889 2746
3628 2939
3520 2737
3658 3213
3525 3315
3539 3414
3789 2941
3819 2538
3603 2623
3817 3401
3855 3034
3984 3301
3607 2590
3978 2581
3840 2633
3692 3146
3902 2657
3866 2740
3659 2996
3940 3160
3666 3274
3941 2509
3557 2937
3538 3442
3837 2671
3836 3287
3961 2622
3930 2627
3949 2679
3960 2799
3994 3443
3865 3352
3542 3123
3723 2750
3641 2704
3554 2543
3548 2911
3916 2930
3920 3006
3753 2896
3562 3191
3682 2551
3945 3243
3793 3007
3958 3278
3521 3269
3598 2785
3752 2669
3937 3121
3610 3066
3892 2554
3879 3096
3963 3102
3701 2632
3560 2652
3568 3349
3906 3377
3975 3289
3987 3048
3951 2990
3883 3354
3877 2775
3511 3350
3532 2890
3828 3368
3744 2870
3925 2771
3747 2803
3886 2757
3873 2760
3655 2853
3832 3110
3751 3408
3528 3194
3794 3124
3785 2560
3733 3117
3678 3201
3761 2887
3705 2980
3799 3428
3583 2841
3990 3325
3530 2833
3867 2533
3738 3069
3649 3078
3818 2920
3587 3433
3908 2802
3694 3314
3858 3425
3874 2559
3558 2619
3563 3064
3981 2916
3907 3467
3529 2854
3697 2677
3706 2526
3773 2777
3848 3321
3782 2699
3948 3436
3986 2808
3938 3065
3660 2689
3619 3342
3549 2943
3683 3493
3546 2759
3911 2810
3635 3267
3980 3434
3620 3181
3633 2953
3561 3153
3693 3050
3665 3171
3636 3063
3775 3339
3983 2566
3632 3246
3896 2528
3713 2846
3763 2511
3998 3328
3536 2776
3993 3307
3798 2875
3720 2902
3862 3145
3801 2534
3687 3221
3809 3204
3997 3361
3924 2805
3868 3211
3811 2656
3766 2786
3716 3379
3505 3302
3758 2861
3788 3104
3778 3254
3754 3108
3550 3091
3870 3030
3857 3320
3736 3282
3537 2889
3953 2520
3891 2561
3803 2524
3732 2506
3709 2537
3653 2680
3887 3407
3934 2910
3552 2500
3808 2879
3596 2827
3567 3133
3904 3109
3629 3162
3843 2797
3829 3049
3826 2604
3524 3237
3553 3474
3802 2552
3760 3395
3577 2977
3992 2851
3888 2772
3972 2793
3586 3226
3881 3116
3579 3376
3527 3169
3657 2732
7200 3601
3787 3178
3526 2710
3917 3232
3642 2840
3502 3276
3564 2716
3729 2839
4000 3300
3768 3388
3780 2825
3755 2583
3608 2829
3719 2950
3927 2684
3681 3054
3806 2515
3551 3234
3680 2601
3731 2963
3964 2826
3767 2742
3776 2678
3703 2681
3543 3327
3576 3370
3617 3418
3624 2615
3777 2766
3730 3022
3923 3187
3921 3038
3643 2985
3839 2929
3735 2646
7202 3602
3864 2562
3721 3365
3614 2900
3810 2670
3942 3206
3590 3082
3684 2655
3545 2546
3830 3394
3594 2523
3508 2769
3834 3019
3821 3482
3740 2814
3675 2644
3691 2904
3575 3008
3517 2852
3860 3055
3932 3076
3838 2573
3999 2995
3535 2942
3854 3184
3882 3159
3631 2624
3947 2688
3823 2747
3606 2636
3600 2881
3714 2843
3589 2514
3847 3024
3742 2978
3820 2625
3559 3421
3634 3494
3989 3304
3899 2556
3770 2923
3805 3390
3956 2513
3901 3094
3739 2792
3522 2921
3950 2994
3669 2605
3903 3062
3662 3292
3910 2572
3700 3351
3965 2857
3704 2997
3846 2869
3674 3077
3661 3168
3571 2907
3772 2906
3707 2800
3765 2650
3831 3275
3523 2817
3689 3103
3516 2588
3512 2586
3630 3087
3654 3093
3509 2685
3514 2527
3771 2536
3621 2787
3833 3337
3699 2850
3954 3393
3827 3322
3585 2756
3825 3111
3501 2713
3850 3333
3835 3487
3893 2522
3670 3208
3988 2871
3726 2694
3814 3143
3880 3357
3597 2912
3700 3702
3668 3392
3764 2986
3572 2823
3943 3348
3853 3002
3971 2521
3898 2576
3533 3444
3580 3366
3569 2580
3656 2744
3851 2663
3625 2659
3602 3095
3869 3476
3926 2895
3696 3079
3759 2634
3872 3196
3507 3270
3844 3475
3804 3311
3676 2813
3977 3358
3936 3135
3688 3090
3815 2687
3745 2773
3566 3073
3581 2610
3995 2570
3845 2690
3613 3469
3792 2863
3644 2705
3622 2618
3800 3452
3996 2542
3515 2525
3769 3141
3957 2806
3762 3381
3955 3071
3748 3323
3985 2926
3918 3441
3813 2862
3779 3161
3727 3241
3876 3084
3510 2763
3616 3462
3645 2753
3915 3341
3970 3384
3894 3107
3991 2831
3737 2718
3976 1989
3591 2801
3783 3308
3722 2637
3612 2886
3640 2589
3541 3097
3790 3422
3973 3222
3570 3264
3698 3013
3944 3458
3599 3306
3582 2649
3979 3386